[app/ui]
version = 8.2.0
modtime = 1630067787.510101000

[app/launcher]
version = 8.2.0
modtime = 1630067787.513158000
